[StereoLeft]
res_x = 1280
res_y = 1024
fc_x = 1039.6275634765625
fc_y = 1039.4129638671875
cc_x = 596.5435180664062
cc_y = 502.235595703125
kc_0 = -0.0038167661987245083
kc_1 = 0.01493496261537075
kc_2 = -0.0
kc_3 = 0.0
kc_4 = 0.012531906366348267
kc_5 = 0
kc_6 = 0
kc_7 = 0
R_0 = 1
R_1 = 0
R_2 = 0
R_3 = 0
R_4 = 1
R_5 = 0
R_6 = 0
R_7 = 0
R_8 = 1
T_0 = 0
T_1 = 0
T_2 = 0
[StereoRight]
res_x = 1280
res_y = 1024
fc_x = 1040.2305908203125
fc_y = 1040.0146484375
cc_x = 693.2049560546875
cc_y = 502.83544921875
kc_0 = -0.003966889809817076
kc_1 = 0.016439124941825867
kc_2 = -0.0
kc_3 = 0.0
kc_4 = 0.01571226492524147
kc_5 = 0
kc_6 = 0
kc_7 = 0
R_0 = 0.9999994731380644
R_1 = 1.988273724971613e-05
R_2 = -0.001026317821383099
R_3 = -1.9900816839777227e-05
R_4 = 0.9999999996469973
R_5 = -1.7605766674560638e-05
R_6 = 0.001026317470969973
R_7 = 1.762618196173469e-05
R_8 = 0.9999994731807444
T_0 = -4.3841071128845215
T_1 = -0.027004247531294823
T_2 = 0.028849583119153976
